-0.601125103693618 -0.583670836709098
-0.576445440325274 -0.624784789327341
-0.597499248251526 -0.667890201442328
-0.645109087152046 -0.673942833457521
-0.676487389091809 -0.63760210570376
-0.663764844924079 -0.59128058042749
-0.618287501427522 -0.575798163208314
-0.579785508099163 -0.604582189551418
-0.58152401003751 -0.652642962874857
-0.621908378327766 -0.67879317481737
-0.66659969543881 -0.660924322002229
-0.678065481059152 -0.614158189923288
-0.646865865505242 -0.577458677496689
-0.598807538634599 -0.581010156488589
-0.573117667448151 -0.621802743953169
-0.590466066193336 -0.66680144912151
-0.6368617545822 -0.680038004171581
-0.675511902673878 -0.651126119116142
-0.676169570663633 -0.60284709859192
-0.6384425203292 -0.572685323990875
-0.591401819635949 -0.583728675641666
-0.570802290112471 -0.627458639176312
-0.592044867402518 -0.670899840230313
-0.639188758111212 -0.681740929336639
-0.677448978962726 -0.652108844765307
-0.678988432767188 -0.603722236562584
-0.642823395847484 -0.57146029443201
-0.594866890742075 -0.578338323234928
-0.568983714353177 -0.619362248640687
-0.583153479621327 -0.665727475168852
-0.62745382147532 -0.685468125096492
-0.671537895015625 -0.665207422551046
-0.685642040758429 -0.618769659124849
-0.66047826400099 -0.577251609396787
-0.612791022711012 -0.568041454950212
-0.573797665507696 -0.597026100945407
-0.568627412279717 -0.645352584230687
-0.60044454288707 -0.682115339444802
-0.649036876785133 -0.684177235926147
-0.684045748394302 -0.650392041476757
-0.683956810872743 -0.601722968045605
-0.648970804905113 -0.567866911798304
-0.600285268450473 -0.569133148802622
-0.566907418602075 -0.604620559356482
-0.568380202915124 -0.653332416154475
-0.603696933614507 -0.686937433977065
-0.652457888498994 -0.686233693518871
-0.686985205746402 -0.651773320724603
-0.688025236253586 -0.602987019054956
-0.655162828358875 -0.566894844865029
-0.606479586342516 -0.563133116651617
-0.568280791566571 -0.593570897571422
-0.560836469624838 -0.64185953811361
-0.58790820098375 -0.682551943496282
-0.635292743167713 -0.694588439948076
-0.678642866314268 -0.671951284725718
-0.696084249772405 -0.626246475889239
-0.679054646349269 -0.580371122316776
-0.636105766223966 -0.556888905673499
-0.588214449344421 -0.567079012316029
-0.558334241674733 -0.605886965341312
-0.560483420146782 -0.654832434421986
-0.593485685543971 -0.691060296380154
-0.642012316961735 -0.697995057903126
-0.683993137721462 -0.67265560351285
-0.700713168116822 -0.626542049409015
-0.684937389469326 -0.580082995897637
-0.643713351156501 -0.55345369066326
-0.59482794505141 -0.557938269630424
-0.558948266198289 -0.591461664995905
-0.550913050456838 -0.639917778282748
-0.573847448253115 -0.683367432243834
-0.618308293535921 -0.704305687665536
-0.66648729004616 -0.694545154479517
-0.699494051783392 -0.658099776956742
-0.704693975052158 -0.609191613604487
-0.680288215352494 -0.566475307019861
-0.63559422702044 -0.545884551078872
-0.58719658713276 -0.554853990545961
-0.552657895728648 -0.589943069977231
-0.544204141412046 -0.638459152084411
-0.564626597157326 -0.683284909625544
-0.606675164049921 -0.708967771568978
-0.655916326523275 -0.706914599963582
-0.695844913271904 -0.678004268581008
-0.713404318600442 -0.631928960892368
-0.703079872784066 -0.583701692010339
-0.668354625282044 -0.548662038209711
-0.62025400162467 -0.537657741683751
-0.573644200821052 -0.553890805031853
-0.542576047238865 -0.592252869247966
-0.536140686860503 -0.641208740847605
-0.55602226308873 -0.686420230760129
-0.596327988253602 -0.714982523070977
-0.645575709976788 -0.719004869899373
-0.690109214141253 -0.697574532856273
-0.717910812594778 -0.65669965447528
-0.721728697879746 -0.607403948903629
-0.700766777408379 -0.562611614971423
-0.660597465856551 -0.533746345142299
-0.611466268843281 -0.527917370719586
-0.565545613416857 -0.546360443082969
-0.533931362383521 -0.584411249429527
-0.52386750564793 -0.6328934155851
-0.537604640917995 -0.680465051703298
-0.571764360011923 -0.716325390493759
-0.618551906635603 -0.732596519348386
-0.667645202685124 -0.725912562348202
-0.708535895728961 -0.69791845159471
-0.732737471021229 -0.654672502738243
-0.735502270920078 -0.605174259501676
-0.716444179898948 -0.559399243713512
-0.679531010296711 -0.526280065638164
-0.632018194718812 -0.512035713525534
-0.582918508169403 -0.519141383532584
-0.54124318666746 -0.546073411676511
-0.514375314666178 -0.587800436708095
-0.506855968775536 -0.636865289657218
-0.519759339189312 -0.684805475054151
-0.550707963101568 -0.723635551203335
-0.594460227313362 -0.747133933146696
-0.643917689197593 -0.751740160668722
-0.691347169486884 -0.736957666770938
-0.729601116613666 -0.705247981815616
-0.7531497809799 -0.661485819305287
-0.75878478817322 -0.612102939710465
-0.745943275798408 -0.564079415711446
-0.716597939930495 -0.523943913432567
-0.67485314335253 -0.49692329549519
-0.626258341835455 -0.486338810174594
-0.577007224830966 -0.493307523847029
-0.533124829195292 -0.516744128326683
-0.49974958727559 -0.553645929197652
-0.480588582014083 -0.599570445436535
-0.477592111995155 -0.64925157646635
-0.490855979096295 -0.697228402422367
-0.518749463887815 -0.738463231848324
-0.558203501756587 -0.768835060452247
-0.605132117687357 -0.785491162339763
-0.65491133967457 -0.787037609649063
-0.702863569250985 -0.773562463277344
-0.744697166556505 -0.746515248842521
-0.77686382702541 -0.708468767298496
-0.796810280545117 -0.662807309790675
-0.803114542973019 -0.613373791072422
-0.795511704705999 -0.564117390748065
-0.774816505292571 -0.518771186571216
-0.742772214567301 -0.480583595974295
-0.701840211724366 -0.452118591103805
-0.654961175343553 -0.435131344452435
-0.605307774350608 -0.430517637199407
-0.556051597448233 -0.438332888565158
-0.510157126130882 -0.457864232955475
-0.470216710039394 -0.487747908310217
-0.438329090499583 -0.52611381476966
-0.41602568807681 -0.570743331917265
-0.404240265688319 -0.619228502691045
-0.403319957293979 -0.669121514979981
-0.413066254866932 -0.718066549437075
-0.432803238162417 -0.763908613338218
-0.461461334746353 -0.80477648579858
-0.497670387843419 -0.839139106450941
-0.539854948946162 -0.865836546870529
-0.586326095411726 -0.884088065940893
-0.635365354523966 -0.89348066675511
-0.685297619446938 -0.893942077448403
-0.734551173512419 -0.885702265656593
-0.781704029904487 -0.869247029077691
-0.825516937799095 -0.845268864693634
-0.864952280291718 -0.814614762528224
-0.899184926790328 -0.778237741602749
-0.927598804648282 -0.737150970485999
-0.949779093528794 -0.692387028866135
-0.96549677865216 -0.644963257786369
-0.974688976973356 -0.595852753658244
-0.977437605337667 -0.545962354531392
-0.973944511723042 -0.496115840521623
-0.964508824395786 -0.447043508885642
-0.949503851714083 -0.399375744555326
-0.92935575587511 -0.353641206751463
-0.904524229398483 -0.310268318416626
-0.875485482882242 -0.269589436387182
-0.842716741883141 -0.231847725984344
-0.806688230565441 -0.197201837970435
-0.767847014352492 -0.16573865872596
-0.726614241403596 -0.137479155868477
-0.683378524754954 -0.112387879163834
-0.638492405395642 -0.0903814476513443
-0.592270394551513 -0.0713361966247151
-0.544987535160989 -0.0550970279292709
-0.496883461967968 -0.0414812047742314
-0.448157879201246 -0.0302863255245511
-0.398977022812202 -0.0212945045824027
-0.349475047883503 -0.0142764658680716
-0.299758911438295 -0.00899486845571964
-0.249903095288765 -0.00520692485232977
-0.199968243267876 -0.00266638517939537
-0.149992463641358 -0.00112496922160921
-0.0999990075412071 -0.000334085314367607
-0.0499999689855364 -4.17609246826694E-05
7.64666108210577E-15 1.49374271040633E-43
0.0499999689855517 4.17609246827077E-05
0.0999990075412224 0.00033408531436776
0.149992463641373 0.00112496922160955
0.199968243267891 0.00266638517939599
0.249903095288781 0.00520692485233073
0.29975891143831 0.00899486845572102
0.349475047883519 0.0142764658680735
0.398977022812218 0.0212945045824051
0.448157879201261 0.0302863255245541
0.496883461967983 0.0414812047742352
0.544987535161004 0.0550970279292755
0.592270394551527 0.0713361966247205
0.638492405395656 0.0903814476513507
0.683378524754967 0.112387879163841
0.726614241403609 0.137479155868485
0.767847014352504 0.165738658725969
0.806688230565453 0.197201837970445
0.842716741883152 0.231847725984356
0.875485482882251 0.269589436387194
0.904524229398491 0.310268318416639
0.929355755875117 0.353641206751477
0.949503851714089 0.39937574455534
0.96450882439579 0.447043508885657
0.973944511723044 0.496115840521639
0.977437605337666 0.545962354531407
0.974688976973354 0.595852753658259
0.965496778652156 0.644963257786383
0.949779093528788 0.692387028866149
0.927598804648274 0.737150970486012
0.899184926790318 0.778237741602761
0.864952280291707 0.814614762528235
0.825516937799082 0.845268864693642
0.781704029904473 0.869247029077697
0.734551173512405 0.885702265656597
0.685297619446923 0.893942077448404
0.635365354523951 0.893480666755108
0.586326095411711 0.884088065940888
0.539854948946148 0.865836546870522
0.497670387843407 0.839139106450932
0.461461334746343 0.804776485798569
0.432803238162409 0.763908613338205
0.413066254866927 0.718066549437061
0.403319957293978 0.669121514979967
0.40424026568832 0.61922850269103
0.416025688076815 0.570743331917251
0.438329090499591 0.526113814769647
0.470216710039405 0.487747908310207
0.510157126130895 0.457864232955468
0.556051597448248 0.438332888565154
0.605307774350623 0.430517637199405
0.654961175343568 0.435131344452437
0.70184021172438 0.452118591103811
0.742772214567311 0.480583595974305
0.774816505292579 0.518771186571228
0.795511704706003 0.564117390748079
0.80311454297302 0.613373791072437
0.796810280545114 0.66280730979069
0.776863827025404 0.708468767298508
0.744697166556493 0.746515248842531
0.702863569250973 0.77356246327735
0.654911339674556 0.787037609649065
0.605132117687343 0.785491162339762
0.558203501756574 0.76883506045224
0.518749463887806 0.738463231848314
0.490855979096288 0.697228402422354
0.477592111995152 0.649251576466336
0.480588582014086 0.599570445436521
0.499749587275598 0.55364592919764
0.533124829195304 0.516744128326674
0.577007224830979 0.493307523847024
0.62625834183547 0.486338810174595
0.674853143352544 0.496923295495196
0.716597939930505 0.523943913432576
0.745943275798412 0.564079415711459
0.758784788173221 0.612102939710479
0.753149780979895 0.661485819305302
0.729601116613656 0.705247981815628
0.691347169486872 0.736957666770945
0.643917689197578 0.751740160668723
0.594460227313347 0.747133933146692
0.550707963101557 0.723635551203326
0.519759339189306 0.684805475054138
0.506855968775536 0.636865289657203
0.514375314666183 0.587800436708082
0.541243186667471 0.546073411676501
0.582918508169417 0.51914138353258
0.632018194718826 0.512035713525537
0.679531010296723 0.526280065638171
0.716444179898956 0.559399243713524
0.73550227092008 0.605174259501691
0.732737471021225 0.654672502738257
0.708535895728951 0.697918451594719
0.66764520268511 0.725912562348205
0.618551906635587 0.732596519348383
0.57176436001191 0.71632539049375
0.537604640917989 0.680465051703283
0.52386750564793 0.632893415585085
0.533931362383529 0.584411249429513
0.565545613416871 0.54636044308296
0.611466268843299 0.527917370719584
0.660597465856568 0.533746345142305
0.70076677740839 0.562611614971434
0.721728697879748 0.607403948903645
0.717910812594772 0.656699654475294
0.69010921414124 0.697574532856284
0.645575709976772 0.719004869899378
0.596327988253583 0.714982523070972
0.556022263088718 0.68642023076012
0.536140686860497 0.641208740847591
0.542576047238867 0.592252869247948
0.573644200821061 0.553890805031845
0.620254001624682 0.537657741683746
0.668354625282056 0.548662038209715
0.703079872784071 0.583701692010349
0.71340431860044 0.631928960892377
0.695844913271893 0.678004268581016
0.655916326523263 0.706914599963584
0.606675164049908 0.708967771568973
0.564626597157317 0.683284909625532
0.544204141412046 0.638459152084395
0.552657895728654 0.589943069977214
0.587196587132775 0.554853990545952
0.635594227020454 0.545884551078875
0.680288215352504 0.566475307019871
0.704693975052161 0.609191613604499
0.699494051783387 0.658099776956756
0.666487290046146 0.694545154479525
0.618308293535907 0.704305687665533
0.573847448253106 0.683367432243823
0.550913050456833 0.639917778282731
0.558948266198294 0.591461664995893
0.594827945051426 0.557938269630415
0.643713351156514 0.553453690663259
0.684937389469332 0.580082995897647
0.700713168116822 0.626542049409027
0.683993137721457 0.67265560351286
0.642012316961723 0.697995057903125
0.593485685543958 0.691060296380149
0.560483420146778 0.654832434421972
0.558334241674737 0.605886965341296
0.588214449344435 0.567079012316022
0.63610576622398 0.556888905673501
0.67905464634928 0.580371122316786
0.696084249772405 0.626246475889254
0.678642866314257 0.67195128472573
0.6352927431677 0.694588439948082
0.587908200983736 0.682551943496271
0.560836469624836 0.641859538113601
0.56828079156658 0.593570897571408
0.606479586342531 0.563133116651614
0.655162828358892 0.566894844865032
0.68802523625359 0.60298701905497
0.686985205746404 0.651773320724618
0.652457888498984 0.686233693518882
0.603696933614493 0.686937433977062
0.568380202915115 0.653332416154464
0.566907418602074 0.604620559356467
0.60028526845048 0.569133148802613
0.648970804905123 0.567866911798306
0.683956810872748 0.601722968045614
0.684045748394292 0.650392041476764
0.649036876785123 0.684177235926152
0.600444542887059 0.682115339444795
0.568627412279718 0.645352584230672
0.573797665507708 0.597026100945394
0.612791022711021 0.568041454950205
0.660478264001003 0.577251609396798
0.685642040758431 0.618769659124856
0.671537895015615 0.665207422551059
0.627453821475308 0.685468125096487
0.583153479621321 0.665727475168834
0.568983714353181 0.619362248640673
0.594866890742086 0.578338323234922
0.642823395847497 0.571460294432019
0.678988432767189 0.603722236562601
0.677448978962712 0.652108844765322
0.639188758111195 0.681740929336643
0.5920448674025 0.6708998402303
0.57080229011247 0.627458639176286
0.591401819635956 0.58372867564165
0.638442520329216 0.572685323990871
0.676169570663645 0.602847098591927
0.675511902673875 0.65112611911616
0.636861754582181 0.680038004171591
0.590466066193317 0.666801449121508
0.573117667448152 0.621802743953149
0.598807538634607 0.581010156488574
0.646865865505264 0.577458677496684
0.678065481059163 0.614158189923298
0.666599695438803 0.660924322002241
0.621908378327757 0.678793174817368
0.581524010037506 0.652642962874841
0.579785508099161 0.604582189551398
0.618287501427536 0.575798163208312
0.66376484492409 0.591280580427497
0.676487389091816 0.637602105703771
0.645109087152038 0.673942833457524
0.597499248251509 0.66789020144232
0.576445440325273 0.624784789327328
