  0.100000        2.525000
  0.150000        1.704168
  0.200000        1.300002
  0.250000        1.062500
  0.300000        0.908354
  0.350000        0.801792
  0.400000        0.724986
  0.450000        0.668054
  0.500000        0.625090
  0.550000        0.592047
  0.600000        0.566669
  0.650000        0.547115
  0.700000        0.532143
  0.750000        0.520833
  0.800000        0.512497
  0.850000        0.506619
  0.900000        0.502779
  0.950000        0.500657
  1.000000        0.499999
  1.050000        0.500598
  1.100000        0.502276
  1.150000        0.504891
  1.200000        0.508333
  1.250000        0.512498
  1.300000        0.517306
  1.350000        0.522684
  1.400000        0.528578
  1.450000        0.534955
  1.500000        0.541661
  1.550000        0.548785
  1.600000        0.556245
  1.650000        0.564011
  1.700000        0.572053
  1.750000        0.580354
  1.800000        0.588886
  1.850000        0.597632
  1.900000        0.606548
  1.950000        0.615704
  2.000000        0.624999
  2.050000        0.634450
  2.100000        0.644046
  2.150000        0.653779
  2.200000        0.663636
  2.250000        0.673610
  2.300000        0.683695
  2.350000        0.693882
  2.400000        0.704165
  2.450000        0.714539
  2.500000        0.724967
  2.550000        0.735536
  2.600000        0.746150
  2.650000        0.756840
  2.700000        0.767592
  2.750000        0.778409
  2.800000        0.789285
  2.850000        0.800219
  2.900000        0.811206
  2.950000        0.822245
  3.000000        0.833332
