-3.14159265358979 -1.22460635382238E-16 -0.00743393121901881 -0.97533040734564 0.0828052046556153 -1 1.22460635382238E-16
-3.0159289474462 -0.125333233564305 -0.12910839210539 -0.959287897446071 0.17306596063086 -0.992114701314478 0.125333233564305
-2.89026524130261 -0.248689887164855 -0.248046500486866 -0.931725935655505 0.265905607722084 -0.968583161128631 0.248689887164855
-2.76460153515902 -0.368124552684678 -0.362784168638089 -0.892413196994476 0.359822879448048 -0.929776485888251 0.368124552684678
-2.63893782901543 -0.481753674101715 -0.471840472742569 -0.841315929374466 0.453179213365411 -0.876306680043864 0.481753674101715
-2.51327412287183 -0.587785252292473 -0.573743487460113 -0.778613332337981 0.544229557561284 -0.809016994374947 0.587785252292473
-2.38761041672824 -0.684547105928689 -0.667057794793199 -0.704708709357653 0.631158723857339 -0.728968627421411 0.684547105928689
-2.26194671058465 -0.770513242775789 -0.750413094184407 -0.620235741808936 0.712122529180804 -0.63742398974869 0.770513242775789
-2.13628300444106 -0.844327925502015 -0.822533265473528 -0.526059342905067 0.785292732952962 -0.535826794978996 0.844327925502015
-2.01061929829747 -0.904827052466019 -0.882265176677461 -0.423270688130566 0.84890456699888 -0.425779291565073 0.904827052466019
-1.88495559215388 -0.951056516295154 -0.928606487851752 -0.313176181543418 0.901305476295335 -0.309016994374947 0.951056516295154
-1.75929188601028 -0.982287250728689 -0.960731683349898 -0.197280299922642 0.941003553957649 -0.187381314585725 0.982287250728689
-1.63362817986669 -0.998026728428272 -0.97801556973456 -0.0772624531127426 0.966714070968193 -0.0627905195293134 0.998026728428272
-1.5079644737231 -0.998026728428272 -0.980053506713281 0.0450517979299164 0.977402477119153 0.0627905195293135 0.998026728428272
-1.38230076757951 -0.982287250728689 -0.966677694144112 0.167724621657918 0.972322288965136 0.187381314585725 0.982287250728689
-1.25663706143592 -0.951056516295154 -0.937968918760091 0.288744158093203 0.95104638501285 0.309016994374947 0.951056516295154
-1.13097335529233 -0.904827052466019 -0.894263268148499 0.406066209669491 0.913490396703084 0.425779291565073 0.904827052466019
-1.00530964914873 -0.844327925502015 -0.836153444038595 0.517658316728931 0.859927111694561 0.535826794978997 0.844327925502015
-0.879645943005142 -0.770513242775789 -0.764484448510006 0.621545034602113 0.790991086283761 0.63742398974869 0.770513242775789
-0.753982236861551 -0.684547105928689 -0.68034357091965 0.715853148163831 0.70767298648249 0.728968627421411 0.684547105928689
-0.628318530717959 -0.587785252292473 -0.585044765078515 0.798855521295594 0.611303529962277 0.809016994374947 0.587785252292473
-0.502654824574367 -0.481753674101715 -0.48010766994022 0.869012285693992 0.50352726957656 0.876306680043864 0.481753674101715
-0.376991118430775 -0.368124552684678 -0.367231686992076 0.925008126973054 0.386266828133575 0.929776485888251 0.368124552684678
-0.251327412287184 -0.248689887164855 -0.248265677860769 0.965784525084631 0.261678547725061 0.968583161128631 0.248689887164855
-0.125663706143592 -0.125333233564304 -0.125173980794913 0.990565947819127 0.132100839770586 0.992114701314478 0.125333233564304
0 0 4.40413958635588E-07 0.998879175765845 -3.20031398287624E-06 1 0
0.125663706143592 0.125333233564304 0.125174811231364 0.99056514813283 -0.132107129748923 0.992114701314478 -0.125333233564304
0.251327412287183 0.248689887164855 0.248266358865001 0.965782953358229 -0.26168450964315 0.968583161128631 -0.248689887164855
0.376991118430775 0.368124552684678 0.367232124688673 0.925005837527787 -0.386272256099366 0.929776485888251 -0.368124552684678
0.502654824574367 0.481753674101715 0.480107778860928 0.869009357620645 -0.503531976410635 0.876306680043863 -0.481753674101715
0.628318530717958 0.587785252292473 0.58504447110951 0.798852055686618 -0.611307353685959 0.809016994374948 -0.587785252292473
0.75398223686155 0.684547105928689 0.6803428138521 0.715849264587278 -0.707675795859557 0.728968627421412 -0.684547105928689
0.879645943005142 0.770513242775789 0.764483184106672 0.621540866949404 -0.79099278521487 0.637423989748689 -0.770513242775789
1.00530964914873 0.844327925502015 0.836151645547296 0.517654008590786 -0.859927642311072 0.535826794978996 -0.844327925502015
1.13097335529233 0.90482705246602 0.894260927213706 0.406061909410319 -0.913489741060309 0.425779291565072 -0.90482705246602
1.25663706143592 0.951056516295154 0.937966045705968 0.288740013803288 -0.95104456533948 0.309016994374947 -0.951056516295154
1.38230076757951 0.982287250728689 0.966674317625058 0.167720776164524 -0.972319366483018 0.187381314585725 -0.982287250728689
1.5079644737231 0.998026728428272 0.980049672750498 0.0450483840431635 -0.97739854950331 0.0627905195293131 -0.998026728428272
1.63362817986669 0.998026728428272 0.978011340178617 -0.0772653169554943 -0.966709268568394 -0.062790519529313 -0.998026728428272
1.75929188601028 0.982287250728689 0.960727133828727 -0.197282513468286 -0.940998034948004 -0.187381314585724 -0.982287250728689
1.88495559215388 0.951056516295154 0.9286017052804 -0.313177665868204 -0.901299420955327 -0.309016994374947 -0.951056516295154
2.01061929829747 0.90482705246602 0.882260256419618 -0.423271388023949 -0.848898171356774 -0.425779291565072 -0.90482705246602
2.13628300444106 0.844327925502015 0.822528308254857 -0.526059228427637 -0.78528620203964 -0.535826794978997 -0.844327925502015
2.26194671058465 0.770513242775789 0.750408202863913 -0.620234808991436 -0.712116070148541 -0.637423989748689 -0.770513242775789
2.38761041672824 0.684547105928689 0.667053071100917 -0.704706980039974 -0.631152539213894 -0.728968627421411 -0.684547105928689
2.51327412287183 0.587785252292473 0.573739028807694 -0.778610853177645 -0.544223838755704 -0.809016994374947 -0.587785252292473
2.63893782901543 0.481753674101716 0.471836369207747 -0.841312770082497 -0.453174134939041 -0.876306680043863 -0.481753674101716
2.76460153515902 0.368124552684678 0.362780500215155 -0.89240944788156 -0.359818593933933 -0.929776485888251 -0.368124552684678
2.89026524130261 0.248689887164855 0.248043334683507 -0.931721704592111 -0.265902241439893 -0.968583161128631 -0.248689887164855
3.0159289474462 0.125333233564305 0.129105781952141 -0.959283306356243 -0.173063610484366 -0.992114701314478 -0.125333233564305
3.14159265358979 1.22460635382238E-16 0.00743191374183649 -0.975325588364964 -0.0828039359978066 -1 -1.22460635382238E-16
