0 1
0.125663706143592 0.9936
0.251327412287183 0.9744
0.376991118430775 0.9424
0.502654824574367 0.8976
0.628318530717959 0.84
0.75398223686155 0.7696
0.879645943005142 0.6864
1.00530964914873 0.5904
1.13097335529233 0.4816
1.25663706143592 0.36
1.38230076757951 0.2256
1.5079644737231 0.0784000000000002
1.63362817986669 -0.0784
1.75929188601028 -0.2256
1.88495559215388 -0.36
2.01061929829747 -0.4816
2.13628300444106 -0.5904
2.26194671058465 -0.6864
2.38761041672824 -0.7696
2.51327412287183 -0.84
2.63893782901543 -0.8976
2.76460153515902 -0.9424
2.89026524130261 -0.9744
3.0159289474462 -0.9936
3.14159265358979 -1
3.26725635973339 -0.9936
3.39292006587698 -0.9744
3.51858377202057 -0.9424
3.64424747816416 -0.8976
3.76991118430775 -0.84
3.89557489045134 -0.7696
4.02123859659494 -0.6864
4.14690230273853 -0.5904
4.27256600888212 -0.4816
4.39822971502571 -0.36
4.5238934211693 -0.2256
4.64955712731289 -0.0783999999999998
4.77522083345649 0.0783999999999994
4.90088453960008 0.2256
5.02654824574367 0.36
5.15221195188726 0.481599999999999
5.27787565803085 0.5904
5.40353936417444 0.686399999999999
5.52920307031804 0.7696
5.65486677646163 0.84
5.78053048260522 0.8976
5.90619418874881 0.9424
6.0318578948924 0.9744
6.15752160103599 0.9936
6.28318530717959 1
