1 119.975700195713 124.047217671431 116.037819369541
1.3 113.963177829472 117.955697822029 110.10579514851
1.6 108.251970022309 112.163310954184 104.477024742055
1.9 102.826976545405 106.655367705818 99.1360053685568
2.2 97.6738539103748 101.417900057442 94.068026771426
2.5 92.7789774455985 96.4376259095698 89.259130704053
2.8 88.1294052730784 91.701915399615 84.6960724859527
3.1 83.7128440905764 87.1987588728444 80.3662845242119
3.4 79.5176166685639 82.9167364261661 76.2578416997765
3.7 75.5326309760447 78.8449889475134 72.3594285232412
4 71.7473508536228 74.973190577382 68.6603079696839
4.3 68.1517681562747 71.2915225226842 65.1502919067093
4.6 64.7363762921721 67.7906481565117 61.8197130342551
4.9 61.4921450875938 64.4616893406602 58.6593982588753
5.2 58.4104969114702 61.2962039108731 55.6606434291711
5.5 55.4832839964336 58.2861642677025 52.8151893627816
5.8 52.7027668964137 55.4239370186997 50.1151990989124
6.1 50.0615940238191 52.7022636203039 47.5532363137466
6.4 47.5527822122033 50.11424197034 45.1222448392928
6.7 45.1696982530229 47.6533089044441 42.8155292292591
7 42.9060413576715 45.3132235520266 40.626736318429
7.3 40.7558264984206 43.0880515095659 38.5498377247483
7.6 38.7133685842209 40.9721497910948 36.5791132459319
7.9 36.773267429525 38.9601525177165 34.7091351048598
8.2 34.9303934763904 37.0469573098564 32.9347530003723
8.5 33.1798742321119 35.2277123477433 31.2510799222898
8.8 31.5170813865257 33.497804067304 29.6534786915908
9.1 29.9376185749231 31.8528454602693 28.1375491886746
9.4 28.4373097542195 30.2886649488203 26.6991162345347
9.7 27.0121881616467 28.8012958065611 25.3342180914647
10 25.6584858267733 27.3869660989909 24.039095551624
10.3 24.3726236091269 26.0420891179629 22.8101815834134
10.6 23.1512017350741 24.763254285874 21.6440915071426
10.9 21.9909908089414 23.5472185065168 20.5376136729315
11.2 20.8889232746085 22.3908979406613 19.4877006151721
11.5 19.8420853049998 21.2913601855081 18.4914606591862
11.8 18.8477090980299 20.2458168381813 17.5461499569642
12.1 17.9031655586345 19.2516164244019 16.6491649300473
12.4 17.0059573475367 18.3062376744091 15.7980350987424
12.7 16.1537122783718 17.4072831290772 14.9904162779165
13 15.3441770457114 16.5524730600132 14.2240841206329
13.3 14.5752112674046 15.7396396882175 13.4969279918464
13.6 13.8447818254843 14.9667216866452 12.8069451552837
13.9 13.1509574906761 14.2317589527277 12.1522352574993
14.2 12.4919038162971 13.5328876375963 11.5309950939145
14.5 11.8658782880452 12.868335419404 10.9415136424245
14.8 11.271225716853 12.2364170087575 10.3821673508943
15.1 10.7063738626277 11.6355298748612 9.8514156655651
15.4 10.1698292773044 11.0641501815355 9.34779678805525
15.7 9.66017335622293 10.5208289228024 8.86992364926911
