0 0 0
0.238761041672824 0.230097174413504 0.236498997023725
0.477522083345649 0.442866614308367 0.459579860621488
0.716283125018473 0.636405540866638 0.656585755752957
0.955044166691297 0.790171709298602 0.816339250717184
1.19380520836412 0.898573279812729 0.929776485888251
1.43256625003695 0.958703065067484 0.990461425696651
1.67132729170977 0.963129938235778 0.9949510169813
1.91008833338259 0.91154241495959 0.942990535892865
2.14884937505542 0.810303675695647 0.837528040042142
2.38761041672824 0.663700338513868 0.684547105928689
2.62637145840107 0.474877813296987 0.492727341548292
2.86513250007389 0.264844331484015 0.272951935517325
3.10389354174672 0.0374831151524019 0.0376901826699345
3.34265458341954 -0.194918023961641 -0.199709980514407
3.58141562509236 -0.410423421938395 -0.425779291565072
3.82017666676519 -0.607979769864116 -0.6276913612907
4.05893770843801 -0.768908769546264 -0.793990398647835
4.29769875011084 -0.884473171310576 -0.915241172620918
4.53645979178366 -0.952878231951308 -0.984564334529205
4.77522083345649 -0.96615885145619 -0.998026728428272
5.01398187512931 -0.923365744162681 -0.954864544746643
5.25274291680213 -0.8293046687374 -0.857526656193652
5.49150395847496 -0.689864162805806 -0.711535677209286
5.73026500014778 -0.506457018904257 -0.525174629961295
5.96902604182061 -0.299159495173175 -0.309016994374948
6.20778708349343 -0.0745342369234527 -0.0753268055279327
6.44654812516626 0.159306880128427 0.162637165194883
6.68530916683908 0.377548236187072 0.391373666837202
6.9240702085119 0.578423025506301 0.597904983057519
7.16283125018473 0.746514856438634 0.770513242775789
7.40159229185755 0.869242089453131 0.899405251566371
7.64035333353038 0.945655438887249 0.977268123568193
7.8791143752032 0.967789804728719 0.9996841892833
8.11787541687602 0.933850443771798 0.965381638833274
8.35663645854885 0.84717468842386 0.876306680043863
8.59539750022167 0.714897013742451 0.737513117358174
8.8341585418945 0.537604231130175 0.556875616488187
9.07291958356732 0.333042665480984 0.344642923174517
9.31168062524015 0.111153365313153 0.112856384873482
9.55044166691297 -0.123263742913862 -0.125333233564303
9.7892027085858 -0.344241057054398 -0.356411878713251
10.0279637502586 -0.547890636676291 -0.567268949126756
10.2667247919314 -0.722989969975712 -0.745941145424182
10.5054858336043 -0.852880034240393 -0.882291226434953
10.7442468752771 -0.937034685875308 -0.968583161128631
10.9830079169499 -0.968022798053366 -0.999921044203816
11.2217689586227 -0.942937183433034 -0.974526872786578
11.4605300002956 -0.863913734755028 -0.893841424151263
11.6992910419684 -0.738798891323804 -0.762442511011448
