0 1
0.238761041672824 0.92742645786248
0.477522083345649 0.85485291572496
0.716283125018473 0.739016994374947
0.955044166691297 0.549016994374947
1.19380520836412 0.359016994374947
1.43256625003695 0.135967477524977
1.67132729170977 -0.0988854381999831
1.91008833338259 -0.329016994374947
2.14884937505542 -0.519016994374947
2.38761041672824 -0.709016994374947
2.62637145840107 -0.843393935387457
2.86513250007389 -0.915967477524977
3.10389354174672 -0.988541019662497
3.34265458341954 -0.938885438199983
3.58141562509236 -0.866311896062463
3.82017666676519 -0.769016994374948
4.05893770843801 -0.579016994374948
4.29769875011084 -0.389016994374948
4.53645979178366 -0.17304951684997
4.77522083345649 0.061803398874989
5.01398187512931 0.296656314599949
5.25274291680213 0.489016994374947
5.49150395847496 0.679016994374947
5.73026500014778 0.831934955049954
5.96902604182061 0.904508497187474
6.20778708349343 0.977082039324994
6.44654812516626 0.950344418537487
6.68530916683908 0.877770876399967
6.9240702085119 0.799016994374947
7.16283125018473 0.609016994374948
7.40159229185755 0.419016994374947
7.64035333353038 0.210131556174965
7.8791143752032 -0.0247213595499948
8.11787541687602 -0.259574275274955
8.35663645854885 -0.459016994374948
8.59539750022167 -0.649016994374947
8.8341585418945 -0.820475974712451
9.07291958356732 -0.893049516849971
9.31168062524015 -0.96562305898749
9.55044166691297 -0.96180339887499
9.7892027085858 -0.889229856737469
10.0279637502586 -0.81665631459995
10.2667247919314 -0.639016994374947
10.5054858336043 -0.449016994374948
10.7442468752771 -0.247213595499959
10.9830079169499 -0.0123606797749993
11.2217689586227 0.22249223594996
11.4605300002956 0.429016994374948
11.6992910419684 0.619016994374948
