0 1
0.628318530717959 0.809016994374947
1.25663706143592 0.309016994374947
1.88495559215388 -0.309016994374947
2.51327412287183 -0.809016994374947
3.14159265358979 -1
3.76991118430775 -0.809016994374948
4.39822971502571 -0.309016994374948
5.02654824574367 0.309016994374947
5.65486677646163 0.809016994374947
6.28318530717959 1
6.91150383789754 0.809016994374948
7.5398223686155 0.309016994374948
8.16814089933346 -0.309016994374947
8.79645943005142 -0.809016994374947
9.42477796076938 -1
10.0530964914873 -0.809016994374948
10.6814150222053 -0.309016994374948
11.3097335529233 0.309016994374947
11.9380520836412 0.809016994374947
