0 1
1E-05 1.00000001
2.34350288425444E-05 1.00000002343503
5.03050865276332E-05 1.00000005030509
0.000104045201897811 1.0000001040452
0.000211525432638166 1.00000021152543
0.000426485894118877 1.00000042648588
0.000856406817080298 1.00000085640671
0.00171624866300314 1.00000171624782
0.00343593235484882 1.00000343592559
0.00687529973854019 1.00000687524557
0.0137540345059229 1.00001375360086
0.0275115040406884 1.00002750803365
0.0550264431102193 1.00005499867727
0.110056321249281 1.00010983425404
0.210795908369369 1.00020923763141
0.324202254980617 1.00031854995824
0.421974270668437 1.00040955723042
0.508463457576925 1.0004868283239
0.58801629296133 1.00055470215362
0.665974010165152 1.00061781370745
0.740878120566755 1.00067492242133
0.81272581526425 1.00072614824793
0.881931037430163 1.0007719502627
0.948950186015996 1.00081278511274
1.01417793055231 1.00084902560968
1.07793409933669 1.00088095977266
1.14047528091858 1.00090880801919
1.20200970508117 1.00093274027759
1.26270973906972 1.00095288916616
1.32272128127757 1.00096935940301
1.38217060658268 1.00098223438996
1.44116936323044 1.00099158082631
1.49981828717064 1.0009974519706
1.5582100398833 1.00099988996514
1.61643145064131 1.00099892749441
1.67456535797567 1.00099458895329
1.73269218878523 1.00098689123848
1.79089137829694 1.00097584423431
1.84924271307067 1.00096145103435
1.9078276687191 1.00094370791735
1.96673081158618 1.00092260407622
2.02604133866636 1.00089812107912
2.08585484333193 1.00087023201936
2.14627541815124 1.00083890028238
2.2074182446387 1.00080407781819
2.26941288109848 1.00076570274961
2.3324075577636 1.00072369605624
2.39657494818639 1.00067795692959
2.46212015439671 1.00062835615269
2.52929211161313 1.00057472643585
2.59840047335962 1.00051684786852
2.66984168816877 1.00045442515253
2.74414138766573 1.00038705018461
2.82202786964741 1.00031413656252
2.90457068234833 1.00023479497336
2.99347421106437 1.00014756697094
3.0918175511883 1.0000497483819
3.20656511704776 0.99993507298645
3.34065701426585 0.999802256828538
3.45665875103152 0.999690139875353
3.55745088632543 0.999596053322913
3.64616551093797 0.999516603066637
3.72746922240151 0.999447113987051
3.8070773661879 0.999382610554013
3.88347361075789 0.999324381879663
3.9566736673043 0.999272282505111
4.02712483216462 0.99922581728752
4.09531263915347 0.999184500503415
4.16165363380392 0.99914793888172
4.22648350935558 0.999115830532583
4.29007048339058 0.999087945642295
4.35263158277513 0.999064107843049
4.41434610553511 0.999044180053144
4.47536565285619 0.999028054453417
4.53582139759233 0.999015645520117
4.59582936963163 0.999006885170317
4.65549437606953 0.999001719348527
4.71491299497375 0.999000105608723
4.77417594464078 0.999002011402666
4.83337003705278 0.999007412888464
4.89257986418684 0.999016294140814
4.95188932863959 0.999028646689847
5.0113831087421 0.999044469347901
5.07114813840206 0.999063768309027
5.13127518141327 0.999086557528591
5.19186058837665 0.999112859413747
5.25300834309921 0.999142705883165
5.31483253776231 0.999176139890928
5.37746046867539 0.999213217561653
5.44103662875022 0.99925401116269
5.5057280095286 0.999298613263717
5.57173135322004 0.999347142639123
5.63928338698198 0.999399752820537
5.70867577572418 0.999456644840091
5.78027786186831 0.999518086906373
5.85457294575141 0.999584446185464
5.93221971462858 0.999656243179544
6.01416453347935 0.999734252068995
6.10186912056383 0.999819705965128
6.19784689757654 0.999914784645664
6.30727375765317 1.00002409246351
6.44064240478719 1.00015679555736
6.57261262807474 1.00028537064835
6.67507523818352 1.00038188612633
6.76745766122674 1.00046549976588
6.85181745947873 1.0005384017397
6.934284798725 1.0006059702528
7.01315962450184 1.00066674758917
7.08849408574589 1.00072093095799
7.16081705306176 1.00076910435617
7.23068573910071 1.00081182674303
7.29856943326532 1.00084954290717
7.36484086869539 1.00088258946495
7.4297943321187 1.00091121964508
7.49366565413461 1.00093562588224
7.5566481744196 1.0009559565295
7.6189043900033 1.00097232747062
7.6805742635118 1.00098483007523
7.74178119003579 1.00099353667657
7.80263637901063 1.00099850438483
7.86324217486222 1.00099977776485
7.92369467048687 1.00099739071583
7.98408585523621 1.00099136776741
8.04450546790544 1.00098172492702
8.10504268204288 1.00096847016056
8.16578772654591 1.00095160355044
8.22683353388741 1.00093111714611
8.28827750886912 1.00090699449498
8.35022352225414 1.00087920981398
8.41278425802371 1.00084772672825
8.47608408487569 1.00081249645739
8.54026269092804 1.00077345526365
8.60547983138035 1.00073052087363
8.67192172138305 1.00068358742001
8.73980991600687 1.00063251817221
8.80941406452789 1.00057713483578
8.88107093332919 1.00051720129653
8.95521406158125 1.00045239791111
9.03242254994766 1.00038227870579
9.11350697774619 1.00030619522287
9.199674924558 1.00022314842134
9.29289255222777 1.00013146222346
9.3968415234648 1.00002791169843
9.52049093916067 0.999904437355455
9.66187811198105 0.99976515173671
9.77584111151887 0.999656167955042
9.87567100219308 0.999564318900176
9.9648422401791 0.999485918293153
10.0472505215267 0.999417082439176
10.1280884842789 0.999353399771457
10.2058921119558 0.999296091203763
10.2806523690561 0.999245032611876
10.3527806637253 0.999199766118147
10.4227348344719 0.999159837127512
10.490913721148 0.999124874608982
10.5576429222342 0.999094592042261
10.6231857004178 0.999068770449498
10.6877575148154 0.999047241490722
10.7515383844936 0.999029874437045
10.8146822736764 0.999016566870636
10.8773240003994 0.999007238188369
10.9395843422928 0.999001825070605
11.0015738945834 0.999000278309762
11.063396084617 0.999002560594215
11.1251496280091 0.99900864498576
11.1869306298884 0.99901851392474
11.2488344830049 0.999032158661806
11.310957684744 0.999049579061248
11.3733996816772 0.999070783756667
11.4362648505091 0.999095790671709
11.4996647378166 0.999124627952074
11.5637207102929 0.999157335395622
11.6285672182996 0.999193966522636
11.6943559595781 0.999234591509657
11.7612613680312 0.999279301337247
11.8294880830381 0.999328213709748
11.8992814522518 0.99938148166058
11.9709428345562 0.999439306394417
12.0448528187069 0.999501957125639
12.1215081867264 0.999569803111292
12.2015843516966 0.999643368402435
12.2860491685167 0.999723432684515
12.3763928213447 0.999811236932083
12.4751663787998 0.999908969720819
12.5875838029507 1.00002122776503
12.7261261610986 1.00015905187884
12.8635254374835 1.00029273144727
12.9697037541337 1.00039238213422
13.0653551032228 1.00047839943221
13.152685012206 1.00055313302598
13.2380556548684 1.0006221186504
13.3197225776735 1.00068387702985
13.3977506780249 1.00073863056477
13.4726940446455 1.00078699158601
13.5451335912909 1.00082954041022
13.6155580701076 1.00086673622663
13.6843559116364 1.00089892497591
13.7518343718611 1.00092636576037
13.818240432928 1.00094925452597
13.8837774500896 1.0009677414465
13.948617296756 1.00098194293728
14.012909045563 1.00099194984257
14.076785233168 1.00099783303704
14.1403665004196 1.00099964728756
14.2037651572293 1.00099743392123
14.267088046363 1.00099122264414
14.3304389658633 1.00098103272525
14.3939208393533 1.00096687367438
14.4576377834726 1.00094874548443
14.5216972035452 1.00092663846308
14.5862120480396 1.00090053263981
14.6513033688069 1.00087039669281
14.7171033705575 1.00083618629033
14.783759197348 1.00079784167227
14.851437811096 1.0007552841947
14.9203324956717 1.00070841139716
14.9906718233709 1.00065708988053
15.0627324537383 1.00060114480849
15.1368581152061 1.00054034397216
15.2134890265219 1.0004743726545
15.2932099877723 1.00040279196886
15.3768344020137 1.00032496521102
15.4655644715381 1.00023991596068
15.5613360060043 1.00014601962176
15.6677096911254 1.00004019823326
15.793046805489 0.9999150216659
15.9396962896238 0.999770396855395
16.0604233013422 0.999654904016961
16.1656935071582 0.999558241874916
16.2592157862329 0.999476437730856
16.3454190563697 0.999405072616478
16.4299348552679 0.999339390835929
16.5112297021091 0.999280656732635
16.5893169407186 0.999228709515607
16.6646497135212 0.999183046292465
16.7377241382617 0.999143177457521
16.8089696739786 0.999108707937677
16.878735913426 0.999079335428597
16.9473053729909 0.99905483084641
17.0149096249531 0.999035019624729
17.0817428315685 0.99901976755017
17.1479719634987 0.999008970770837
17.2137443184793 0.999002548893383
17.2791931028654 0.999000440229666
17.3444416938926 0.999002598530389
17.4096070317568 0.999008990771392
17.4748024615279 0.999019595718403
17.5401402596094 0.999034403104387
17.6057340293486 0.999053413328995
17.6717011271246 0.999076637646803
17.7381652793493 0.999104098860943
17.8052595718188 0.999135832590753
17.8731300401101 0.999171889245948
17.9419401740295 0.999212336928856
18.0118767917344 0.999257265621525
18.0831579805965 0.99930679323344
18.1560442204586 0.999361074458528
18.2308545590496 0.999420314058903
18.3079911375553 0.999484787460352
18.3879782429293 0.999554874107693
18.4715283365179 0.999631114638149
18.5596626113046 0.999714316503991
18.6539551410318 0.999805770179867
18.7571072076095 0.999907763042102
18.8746682956956 1.00002513555026
19.0207009187001 1.00017026581613
19.1637376130378 1.00030891989132
19.2738759873417 1.00041152651179
19.3733009354168 1.00049990238339
19.4642633545628 1.00057645168262
19.553230666019 1.00064671524939
19.6384266935405 1.00070921236853
19.7199239781988 1.00076418747019
19.7982947713513 1.00081227301377
19.874139084329 1.00085406327673
19.9479631464 1.00089002616058
20.0201710145542 1.00092051257311
20.0910841377631 1.00094578395615
20.1609627765375 1.00096603666483
20.230023123636 1.000981419755
20.298449860458 1.00099204721198
20.3664052057846 1.00099800622982
20.4340355301271 1.00099936281483
20.5014763525619 1.0009961655746
20.5688562941774 1.00098844824054
20.6363003888673 1.00097623126127
20.7039330425473 1.00095952266534
20.7718808702331 1.00093831829581
20.8402756148805 1.00091260144647
20.9092573567146 1.00088234186358
20.978978257478 1.00084749400597
21.0496071588807 1.00080799436487
21.1213354873557 1.00076375751116
21.1943851452748 1.00071467032733
21.2690194651754 1.00066058352742
21.3455590153276 1.00060129893869
21.4244053840788 1.00053654983822
21.5060787454839 1.00046596927114
21.5912807704463 1.0003890361605
21.6810081101653 1.00030497682276
21.7767784633189 1.00021256648617
21.8811494957716 1.00010966863503
21.9992099290549 0.999991896526112
22.1452211158468 0.999846579842318
22.2967034011318 0.999699315287255
22.4126065695438 0.999591118192245
22.5164355818612 0.999498810810417
22.6109522850666 0.99941945151942
22.7032961748916 0.999346917071169
22.7916042305839 0.999282750548792
22.8759907732976 0.999226649972934
22.9570907406979 0.999177916315033
23.0355569530954 0.999135905959873
23.1119350425435 0.999100118680248
23.1866580861627 0.99907018329445
23.2600695967062 0.999045825945738
23.3324475063022 0.999026842973291
23.4040230213984 0.999013081463611
23.4749943401038 0.999004426050724
23.5455365096155 0.999000790085315
23.6158086489192 0.999002109739969
23.6859594532256 0.999008340103019
23.7561316223393 0.999019452670226
23.8264656661527 0.999035433881477
23.8971034265855 0.999056284508317
23.9681915989704 0.999082019811523
24.0398855255401 0.999112670481547
24.1123535667629 0.999148284468775
24.1857824408364 0.999188929925958
24.2603840801636 0.99923469964986
24.3364048331841 0.999285717669184
24.4141383350647 0.999342149067097
24.4939442760553 0.999404214921836
24.5762770344993 0.999472215771985
24.6617316988397 0.99954657013786
24.7511228999866 0.999627881599336
24.8456313492108 0.999717065210131
24.947108281633 0.999815613399175
25.0588203224791 0.999926254310186
25.1878439565073 1.00005509405367
25.3468524947045 1.00021238386255
25.4854691529682 1.00034526062124
25.6047145368088 1.00045435873051
25.7090457224831 1.00054456925615
25.8045627240373 1.00062198852203
25.8980872888529 1.00069230275176
25.9879324026876 1.00075415895275
26.0741821562606 1.00080782226419
26.1574025592117 1.00085391178395
26.2381901862347 1.00089300279876
26.317054171419 1.00092554598301
26.3944068379758 1.0009518774417
26.4705818539018 1.00097224533953
26.5458547217338 1.00098683328991
26.6204594771542 1.0009957773485
26.6946012040477 1.00099917761792
26.7684653195689 1.00099710598851
26.8422246498824 1.00098961120877
26.9160451048187 1.00097672207679
26.9900905536196 1.00095844923324
27.0645273663243 1.00093478581593
27.1395290184197 1.00090570707383
27.2152811547128 1.00087116889895
27.2919875748206 1.00083110508901
27.3698777571431 1.00078542296435
27.4492168279974 1.0007339966782
27.5303194080727 1.00067665708522
27.6135697389983 1.00061317618392
27.6994523669037 1.00054324252087
27.7886015133266 1.00046642059575
27.8818858598422 1.00038207980254
27.9805667993981 1.00028925971596
28.0866292793645 1.00018638455525
28.20359940036 1.00007054823618
28.3392221652742 0.999935141178003
28.5071219959524 0.99976943682519
28.6500370842095 0.999633327892509
28.7732697759972 0.999521870223164
28.8816707826018 0.999429769194656
28.9812597939275 0.999351030876483
29.0788508934879 0.999280106803882
29.1727546685094 0.999218322716362
29.2630697947722 0.999165391796025
29.350380860632 0.999120684878019
29.4353036786994 0.999083624849581
29.5183665372504 0.999053764321803
29.6000009251887 0.999030773778674
29.6805600810724 0.99901441407519
29.7603399927006 0.999004512711928
29.8395966741691 0.9990009468102
29.9185593359416 0.99900363167499
29.9974404368079 0.9990125133885
30.0764436938361 0.999027564252029
30.1557709374704 0.99904878032913
30.2356285273377 0.999076180688416
30.3162339611899 0.999109808212168
30.3978233317945 0.999149732074316
30.4806604353194 0.999196052254751
30.5650486636607 0.999248906820534
30.6513474441933 0.999308483290802
30.7399961891577 0.999375036449193
30.8315510797289 0.999448916993715
30.9267449686587 0.999530619657813
31.0265920214686 0.999620869177762
31.1325877472274 0.999720787590261
31.2471419541405 0.999832262056914
31.3747094225511 0.999958919960635
31.5259068926784 1.00010973505995
31.7098460179304 1.00028949053919
31.8533560526643 1.00042324538208
31.9788362717921 1.00053315376638
32.0914309022009 1.00062468622542
32.2011267801785 1.00070626200406
32.3057960969161 1.00077619684002
32.4057792396771 1.00083507618807
32.5019978352191 1.00088386892283
32.5953417207711 1.00092339378871
32.6865378435166 1.00095424691258
32.7761608343816 1.00097684224329
32.864671562768 1.00099146200732
32.9524525758214 1.00099829494038
33.0398350514341 1.00099746169593
33.1271185855104 1.00098903082964
33.2145861770316 1.00097302837501
33.3025164559802 1.00094944297301
33.3911947636422 1.00091822763061
33.4809244516942 1.00087929851557
33.5720397855746 1.00083253063397
33.6649221796225 1.00077774962727
33.7600223140953 1.00071471805629
33.8578923730832 1.00064311304149
33.9592361163936 1.00056248920845
34.0649920641625 1.00047221460113
34.1764831187446 1.00037135219237
34.2957148003372 1.00025841861869
34.4260625196471 1.00013081768829
34.5742649000656 0.999983166820966
34.7595311981889 0.999799497594508
34.9541475916569 0.99961408159373
35.1020421661176 0.999482571789859
35.2359545211778 0.999373169417895
35.3595470373998 0.999282117420775
35.4807559123255 0.999203451945707
35.5978221300015 0.999138560517624
35.7111577341532 0.999086964072416
35.8217008926638 0.999047920764164
35.9303842655231 0.999020863225962
36.0380207219352 0.99900545366937
36.1453152887794 0.999001549647525
36.2529054677617 0.999009165708797
36.3614031014023 0.999028449429625
36.4714340802861 0.999059673128258
36.5836793339437 0.999103240344494
36.6989235537378 0.999159708220338
36.8181216096728 0.999229830909781
36.9424999072394 0.999314636136219
37.0737267674959 0.999415561340478
37.2142281169737 0.999534710050306
37.3678448167137 0.999675384277005
37.5414410151432 0.999843371441191
37.6991118430775 1.00000015285811
