Number of steps     = 311
Calculated mass     = 125.972167
Calculated gamma    = 2.086668
Caluculated A       = 9.877866
D-func minimized to = 0.946388


101 -0.25 2
103 -0.3 2
105 -0.15 1.9
107 -1.71 1.9
109 0.81 1.9
111 0.65 1.9
113 -0.91 1.9
115 0.91 1.9
117 0.96 1.6
119 -2.52 1.6
121 -1.01 1.6
123 2.01 1.6
125 4.83 1.6
127 4.58 1.6
129 1.26 1.3
131 1.01 1.3
133 -1.26 1.3
135 0.45 1.3
137 0.15 1.3
139 -0.91 1.3
141 -0.81 1.1
143 -1.41 1.1
145 1.36 1.1
147 0.5 1.1
149 -0.45 1.1
151 1.61 1.1
153 -2.21 1.1
155 -1.86 0.9
157 1.76 0.9
159 -0.5 0.9


101 0.0158122346019724
101.1 0.0159394144408863
101.2 0.0160681339444202
101.3 0.0161984180509276
101.4 0.0163302922054238
101.5 0.0164637823719804
101.6 0.0165989150464755
101.7 0.0167357172697107
101.8 0.0168742166409065
101.9 0.0170144413315892
102 0.017156420099882
102.1 0.0173001823052138
102.2 0.0174457579234605
102.3 0.0175931775625315
102.4 0.0177424724784189
102.5 0.0178936745917228
102.6 0.0180468165046707
102.7 0.0182019315186469
102.8 0.0183590536522495
102.9 0.0185182176598941
103 0.0186794590509818
103.1 0.0188428141096525
103.2 0.0190083199151429
103.3 0.0191760143627712
103.4 0.0193459361855702
103.5 0.0195181249765918
103.6 0.0196926212119074
103.7 0.0198694662743278
103.8 0.0200487024778702
103.9 0.0202303730929976
104 0.0204145223726596
104.1 0.0206011955791632
104.2 0.0207904390119052
104.3 0.0209823000359956
104.4 0.0211768271118071
104.5 0.0213740698254836
104.6 0.0215740789204449
104.7 0.0217769063299225
104.8 0.0219826052105682
104.9 0.0221912299771734
105 0.0224028363385433
105.1 0.0226174813345685
105.2 0.0228352233745411
105.3 0.0230561222767617
105.4 0.0232802393094898
105.5 0.0235076372332864
105.6 0.0237383803448062
105.7 0.0239725345220947
105.8 0.0242101672714499
105.9 0.0244513477759105
106 0.0246961469454362
106.1 0.0249446374688461
106.2 0.0251968938675879
106.3 0.0254529925514109
106.4 0.0257130118760194
106.5 0.0259770322027896
106.6 0.0262451359606319
106.7 0.0265174077100902
106.8 0.0267939342097674
106.9 0.0270748044851779
107 0.0273601099001251
107.1 0.0276499442307138
107.2 0.0279444037421055
107.3 0.0282435872681363
107.4 0.0285475962939187
107.5 0.0288565350415546
107.6 0.0291705105590963
107.7 0.0294896328128951
107.8 0.0298140147834853
107.9 0.0301437725651609
108 0.0304790254694061
108.1 0.0308198961323518
108.2 0.031166510626438
108.3 0.0315189985764715
108.4 0.0318774932802753
108.5 0.0322421318341422
108.6 0.0326130552633078
108.7 0.0329904086576766
108.8 0.0333743413130428
108.9 0.0337650068780614
109 0.0341625635072375
109.1 0.0345671740202189
109.2 0.0349790060676876
109.3 0.0353982323041659
109.4 0.0358250305680669
109.5 0.0362595840693388
109.6 0.0367020815850706
109.7 0.0371527176634468
109.799999999999 0.0376116928364597
109.899999999999 0.0380792138418129
109.999999999999 0.0385554938544702
110.099999999999 0.0390407527283317
110.199999999999 0.0395352172485471
110.299999999999 0.0400391213950014
110.399999999999 0.0405527066175432
110.499999999999 0.0410762221235557
110.599999999999 0.041609925178506
110.699999999999 0.0421540814201455
110.799999999999 0.0427089651870732
110.899999999999 0.0432748598624166
110.999999999999 0.0438520582334282
111.099999999999 0.0444408628678447
111.199999999999 0.0450415865079057
111.299999999999 0.0456545524829848
111.399999999999 0.0462800951418412
111.499999999999 0.0469185603055647
111.599999999999 0.0475703057423517
111.699999999999 0.04823570166532
111.799999999999 0.0489151312546483
111.899999999999 0.0496089912054028
111.999999999999 0.0503176923025061
112.099999999999 0.0510416600243899
112.199999999999 0.0517813351769772
112.299999999999 0.0525371745597443
112.399999999999 0.0533096516657259
112.499999999999 0.0540992574174533
112.599999999999 0.0549065009409412
112.699999999999 0.0557319103799864
112.799999999999 0.0565760337531877
112.899999999999 0.0574394398562645
112.999999999999 0.0583227192124226
113.099999999999 0.0592264850737082
113.199999999999 0.0601513744764935
113.299999999999 0.0610980493544535
113.399999999999 0.0620671977126359
113.499999999999 0.0630595348664736
113.599999999999 0.0640758047498699
113.699999999999 0.0651167812967799
113.799999999999 0.0661832699010336
113.899999999999 0.0672761089594918
113.999999999999 0.0683961715040016
114.099999999999 0.0695443669280232
114.199999999999 0.0707216428142395
114.299999999999 0.0719289868699346
114.399999999999 0.073167428977445
114.499999999999 0.0744380433675459
114.599999999999 0.0757419509242432
114.699999999999 0.0770803216301015
114.799999999999 0.0784543771619563
114.899999999999 0.0798653936476406
114.999999999999 0.0813147045952023
115.099999999999 0.0828037040070194
115.199999999999 0.0843338496922251
115.299999999999 0.0859066667919565
115.399999999999 0.0875237515331455
115.499999999999 0.0891867752278774
115.599999999999 0.0908974885367849
115.699999999999 0.0926577260165095
115.799999999999 0.0944694109729863
115.899999999999 0.0963345606441916
115.999999999999 0.0982552917380583
116.099999999999 0.100233826353536
116.199999999999 0.102272498315262
116.299999999999 0.104373759955051
116.399999999999 0.106540189376435
116.499999999999 0.108774498241786
116.599999999999 0.11107954012525
116.699999999999 0.11345831947872
116.799999999999 0.115914001262585
116.899999999999 0.118449921297884
116.999999999999 0.121069597401985
117.099999999999 0.123776741375934
117.199999999999 0.126575271918349
117.299999999999 0.129469328548145
117.399999999999 0.132463286626672
117.499999999999 0.135561773579032
117.599999999999 0.138769686424568
117.699999999999 0.142092210737951
117.799999999999 0.145534841174999
117.899999999999 0.149103403711607
117.999999999999 0.152804079760039
118.099999999999 0.156643432344677
118.199999999999 0.160628434539258
118.299999999999 0.164766500390028
118.399999999999 0.169065518574431
118.499999999999 0.173533889073267
118.599999999999 0.178180563166134
118.699999999999 0.183015087095997
118.799999999999 0.188047649789329
118.899999999999 0.193289135064274
118.999999999999 0.198751178811323
119.099999999999 0.204446231690045
119.199999999999 0.210387627952474
119.299999999999 0.216589661080024
119.399999999999 0.223067667007664
119.499999999999 0.229838115808187
119.599999999999 0.236918712822602
119.699999999999 0.244328510352224
119.799999999999 0.25208803117643
119.899999999999 0.260219405330462
119.999999999999 0.268746521773437
120.099999999999 0.277695196802293
120.199999999999 0.287093361327404
120.299999999999 0.296971269426085
120.399999999999 0.307361730937825
120.499999999999 0.318300371268012
120.599999999999 0.329825922034719
120.699999999999 0.341980546737131
120.799999999999 0.354810206257867
120.899999999999 0.368365069750839
120.999999999999 0.382699977330374
121.099999999999 0.397874961988776
121.199999999999 0.413955839355309
121.299999999999 0.43101487530181
121.399999999999 0.449131543037119
121.499999999999 0.468393383259699
121.599999999999 0.488896983209429
121.699999999999 0.51074909313974
121.799999999999 0.534067901896119
121.899999999999 0.558984497026146
121.999999999999 0.585644539264545
122.099999999999 0.614210186456489
122.199999999999 0.644862308143658
122.299999999999 0.677803039299212
122.399999999999 0.713258730234831
122.499999999999 0.751483359701755
122.599999999999 0.792762489854607
122.699999999999 0.837417855207034
122.799999999999 0.885812693090029
122.899999999999 0.93835794041604
122.999999999999 0.995519440523328
123.099999999999 1.05782632390972
123.199999999999 1.12588074650083
123.299999999999 1.2003691864125
123.399999999999 1.2820755109269
123.499999999999 1.37189602285078
123.599999999999 1.47085666851793
123.699999999999 1.58013252070983
123.799999999999 1.70106951066071
123.899999999999 1.83520813032839
123.999999999999 1.98430839188131
124.099999999999 2.15037461375813
124.199999999999 2.33567744992618
124.299999999999 2.54276877154053
124.399999999999 2.77448224288573
124.499999999999 3.03390830834699
124.599999999999 3.32432636263926
124.699999999999 3.64906870684047
124.799999999999 4.01128046179362
124.899999999999 4.41352793581914
124.999999999999 4.85719839150136
125.099999999999 5.34163452535449
125.199999999999 5.8629720501276
125.299999999999 6.41272150351926
125.399999999999 6.97628174281262
125.499999999999 7.53180121803482
125.599999999999 8.05006334341336
125.699999999999 8.49620463001267
125.799999999999 8.8338184341265
125.899999999999 9.03115760785262
125.999999999999 9.06791360136462
126.099999999999 8.94015735716052
126.199999999999 8.66134671488346
126.299999999999 8.258944496571
126.399999999999 7.7681404384047
126.499999999999 7.225133044402
126.599999999999 6.66198981233301
126.699999999999 6.10390385748421
126.799999999999 5.56859274721623
126.899999999999 5.06708009671489
126.999999999999 4.60509513622714
127.099999999999 4.18455615112842
127.199999999999 3.80485809980568
127.299999999999 3.46386877273802
127.399999999998 3.1586403405087
127.499999999998 2.88588609290996
127.599999999998 2.64228117385738
127.699999999998 2.4246396439549
127.799999999998 2.23000884753151
127.899999999998 2.05571085208023
127.999999999998 1.89935151916789
128.099999999998 1.75881087337505
128.199999999998 1.63222356202497
128.299999999998 1.51795488338019
128.399999999998 1.41457567123504
128.499999999998 1.32083791265875
128.599999999998 1.23565208744357
128.699999999998 1.15806667311546
128.799999999998 1.08724993610279
128.899999999998 1.02247394665002
128.999999999998 0.963100659231707
129.099999999998 0.90856985735764
129.199999999998 0.858388750003939
129.299999999998 0.8121230128074
129.399999999998 0.769389082200026
129.499999999998 0.729847529748471
129.599999999998 0.693197364116706
129.699999999998 0.659171127619859
129.799999999998 0.627530672420541
129.899999999998 0.598063517659303
129.999999999998 0.570579703114961
130.099999999998 0.544909067423317
130.199999999998 0.520898889589799
130.299999999998 0.498411841693345
130.399999999998 0.477324208483427
130.499999999998 0.457524336200617
130.599999999998 0.438911278569855
130.699999999998 0.421393612673063
130.799999999998 0.404888401434085
130.899999999998 0.389320282856449
130.999999999998 0.374620669039357
131.099999999998 0.360727040441503
131.199999999998 0.347582322934925
131.299999999998 0.335134336950662
131.399999999998 0.323335309513584
131.499999999998 0.312141441236804
131.599999999998 0.301512521431188
131.699999999998 0.291411585411889
131.799999999998 0.281804608875931
131.899999999998 0.272660234903292
131.999999999998 0.263949529715873
132.099999999998 0.255645763828839
132.199999999998 0.247724215659189
132.299999999998 0.24016199502752
132.399999999998 0.232937884309373
132.499999999998 0.226032195269761
132.599999999998 0.21942663985464
132.699999999998 0.213104213421524
132.799999999998 0.207049089072632
132.899999999998 0.201246521911694
132.999999999998 0.19568276218312
133.099999999998 0.190344976372384
133.199999999998 0.185221175451548
133.299999999998 0.180300149545961
133.399999999998 0.175571408378932
133.499999999998 0.171025126922154
133.599999999998 0.166652095742121
133.699999999998 0.162443675587842
133.799999999998 0.158391755813678
133.899999999998 0.154488716274096
133.999999999998 0.150727392365085
134.099999999998 0.147101042920615
134.199999999998 0.14360332070241
134.299999999998 0.140228245247786
134.399999999998 0.136970177863907
134.499999999998 0.133823798577818
134.599999999998 0.130784084870343
134.699999999998 0.127846292038643
134.799999999998 0.125005935047186
134.899999999998 0.12225877174024
134.999999999998 0.119600787300978
135.099999999998 0.117028179853037
135.199999999998 0.114537347109988
135.299999999998 0.112124873986873
135.399999999998 0.109787521095735
135.499999999998 0.107522214054102
135.599999999998 0.105326033541707
135.699999999998 0.103196206046457
135.799999999998 0.101130095245794
135.899999999998 0.0991251939742879
135.999999999998 0.0971791167325004
136.099999999998 0.0952895926959988
136.199999999998 0.0934544591868607
136.299999999998 0.0916716555731582
136.399999999998 0.0899392175647721
136.499999999998 0.0882552718764852
136.599999999998 0.0866180312316673
136.699999999998 0.0850257896820212
136.799999999998 0.0834769182208195
136.899999999998 0.0819698606688569
136.999999999998 0.0805031298139709
137.099999999998 0.0790753037864858
137.199999999998 0.0776850226542925
137.299999999998 0.0763309852225333
137.399999999998 0.0750119460239988
137.499999999998 0.0737267124873987
137.599999999998 0.0724741422716251
137.699999999998 0.0712531407550124
137.799999999998 0.070062658669408
137.899999999998 0.0689016898696106
137.999999999998 0.0677692692294221
138.099999999998 0.0666644706561857
138.199999999998 0.0655864052162643
138.299999999998 0.0645342193644502
138.399999999998 0.0635070932707876
138.499999999998 0.0625042392387452
138.599999999998 0.0615249002090986
138.699999999998 0.0605683483442657
138.799999999998 0.0596338836882027
138.899999999998 0.058720832897294
138.999999999998 0.0578285480379828
139.099999999998 0.0569564054471669
139.199999999998 0.0561038046516536
139.299999999998 0.0552701673432075
139.399999999998 0.054454936405953
139.499999999998 0.0536575749931057
139.599999999998 0.0528775656501965
139.699999999998 0.0521144094821405
139.799999999998 0.0513676253616654
139.899999999998 0.0506367491767745
139.999999999998 0.0499213331150636
140.099999999998 0.0492209449828477
140.199999999998 0.0485351675571792
140.299999999998 0.0478635979689575
140.399999999998 0.04720584711544
140.499999999998 0.0465615391005666
140.599999999998 0.0459303107016049
140.699999999998 0.045311810860715
140.799999999998 0.0447057002001128
140.899999999998 0.0441116505595906
140.999999999998 0.0435293445552273
141.099999999998 0.0429584751581869
141.199999999998 0.0423987452925693
141.299999999998 0.041849867451335
141.399999999998 0.0413115633293849
141.499999999998 0.0407835634729245
141.599999999998 0.0402656069442941
141.699999999998 0.0397574410014907
141.799999999998 0.0392588207916521
141.899999999998 0.0387695090578124
141.999999999998 0.038289275858278
142.099999999998 0.0378178982980081
142.199999999998 0.0373551602714155
142.299999999998 0.0369008522160401
142.399999999998 0.0364547708765701
142.499999999998 0.0360167190787209
142.599999999998 0.0355865055125021
142.699999999998 0.035163944524432
142.799999999998 0.0347488559182796
142.899999999998 0.0343410647639375
142.999999999998 0.0339404012140483
143.099999999998 0.0335467003280291
143.199999999998 0.0331598019031538
143.299999999998 0.032779550312373
143.399999999998 0.0324057943485657
143.499999999998 0.0320383870749339
143.599999999998 0.0316771856812652
143.699999999998 0.0313220513458012
143.799999999998 0.0309728491024642
143.899999999998 0.0306294477132069
143.999999999998 0.0302917195452588
144.099999999998 0.0299595404530581
144.199999999998 0.0296327896646645
144.299999999998 0.0293113496724611
144.399999999998 0.0289951061279599
144.499999999998 0.0286839477405378
144.599999999998 0.028377766179935
144.699999999998 0.0280764559823575
144.799999999998 0.0277799144600319
144.899999999998 0.0274880416140699
144.999999999997 0.0272007400505031
145.099999999997 0.0269179148993575
145.199999999997 0.0266394737366442
145.299999999997 0.0263653265091447
145.399999999997 0.0260953854618787
145.499999999997 0.0258295650681452
145.599999999997 0.025567781962033
145.699999999997 0.0253099548733019
145.799999999997 0.0250560045645398
145.899999999997 0.0248058537705053
145.999999999997 0.0245594271395697
146.099999999997 0.0243166511771757
146.199999999997 0.0240774541912335
146.299999999997 0.0238417662393796
146.399999999997 0.0236095190780259
146.499999999997 0.0233806461131289
146.599999999997 0.0231550823526154
146.699999999997 0.0229327643603985
146.799999999997 0.0227136302119261
146.899999999997 0.0224976194512019
146.999999999997 0.0222846730492248
147.099999999997 0.022074733363792
147.199999999997 0.0218677441006176
147.299999999997 0.0216636502757138
147.399999999997 0.0214623981789925
147.499999999997 0.0212639353390386
147.599999999997 0.0210682104890144
147.699999999997 0.0208751735336528
147.799999999997 0.0206847755173006
147.899999999997 0.0204969685929723
147.999999999997 0.0203117059923802
148.099999999997 0.0201289419969042
148.199999999997 0.0199486319094686
148.299999999997 0.0197707320272931
148.399999999997 0.0195951996154878
148.499999999997 0.0194219928814616
148.599999999997 0.0192510709501166
148.699999999997 0.0190823938398001
148.799999999997 0.0189159224389883
148.899999999997 0.0187516184836762
148.999999999997 0.0185894445354499
149.099999999997 0.0184293639602173
149.199999999997 0.0182713409075745
149.299999999997 0.0181153402907874
149.399999999997 0.0179613277673665
149.499999999997 0.0178092697202155
149.599999999997 0.0176591332393342
149.699999999997 0.0175108861040572
149.799999999997 0.0173644967658108
149.899999999997 0.0172199343313704
149.999999999997 0.0170771685466025
150.099999999997 0.0169361697806749
150.199999999997 0.0167969090107194
150.299999999997 0.0166593578069339
150.399999999997 0.0165234883181069
150.499999999997 0.0163892732575535
150.599999999997 0.016256685889448
150.699999999997 0.0161257000155405
150.799999999997 0.0159962899622458
150.899999999997 0.0158684305680921
150.999999999997 0.0157420971715191
151.099999999997 0.0156172655990127
151.199999999997 0.0154939121535678
151.299999999997 0.015372013603467
151.399999999997 0.0152515471713669
151.499999999997 0.0151324905236813
151.599999999997 0.0150148217602528
151.699999999997 0.0148985194043032
151.799999999997 0.0147835623926552
151.899999999997 0.0146699300662157
151.999999999997 0.0145576021607142
152.099999999997 0.014446558797687
152.199999999997 0.0143367804757012
152.299999999997 0.0142282480618105
152.399999999997 0.0141209427832353
152.499999999997 0.0140148462192618
152.599999999997 0.0139099402933526
152.699999999997 0.0138062072654623
152.799999999997 0.0137036297245527
152.899999999997 0.0136021905813017
152.999999999997 0.0135018730609992
153.099999999997 0.0134026606966259
153.199999999997 0.0133045373221089
153.299999999997 0.0132074870657486
153.399999999997 0.013111494343813
153.499999999997 0.0130165438542937
153.599999999997 0.012922620570819
153.699999999997 0.0128297097367202
153.799999999997 0.0127377968592462
153.899999999997 0.0126468677039219
153.999999999997 0.0125569082890475
154.099999999997 0.0124679048803332
154.199999999997 0.0123798439856668
154.299999999997 0.0122927123500092
154.399999999997 0.0122064969504159
154.499999999997 0.0121211849911791
154.599999999997 0.0120367638990882
154.699999999997 0.0119532213188057
154.799999999997 0.011870545108354
154.899999999997 0.0117887233347113
154.999999999997 0.0117077442695133
155.099999999997 0.011627596384857
155.199999999997 0.0115482683492053
155.299999999997 0.0114697490233881
155.399999999997 0.0113920274566989
155.499999999997 0.0113150928830823
155.599999999997 0.0112389347174125
155.699999999997 0.0111635425518576
155.799999999997 0.0110889061523301
155.899999999997 0.0110150154550188
155.999999999997 0.0109418605630022
156.099999999997 0.0108694317429395
156.199999999997 0.0107977194218384
156.299999999997 0.0107267141838962
156.399999999997 0.0106564067674147
156.499999999997 0.0105867880617839
156.599999999997 0.0105178491045356
156.699999999997 0.010449581078463
156.799999999997 0.0103819753088058
156.899999999997 0.0103150232604986
156.999999999997 0.0102487165354809
157.099999999997 0.0101830468700678
157.199999999997 0.0101180061323786
157.299999999997 0.0100535863198237
157.399999999997 0.00998977955664573
157.499999999997 0.00992657809151669
157.599999999997 0.00986397429518668
157.699999999997 0.00980196065818497
157.799999999997 0.00974052978857125
157.899999999997 0.00967967440973588
157.999999999997 0.00961938735824813
158.099999999997 0.00955966158175104
158.199999999997 0.00950049013690176
158.299999999997 0.00944186618735637
158.399999999997 0.00938378300179798
158.499999999997 0.00932623395200708
158.599999999997 0.00926921251097312
158.699999999997 0.00921271225104629
158.799999999997 0.00915672684212859
158.899999999997 0.0091012500499031
158.999999999997 0.00904627573410077
