-3.14159265358979 -1.22460635382238E-16 -1 0
-2.82743338823081 -0.309016994374948 -0.951056516295154 -0.0489434837048465
-2.51327412287183 -0.587785252292473 -0.809016994374947 -0.190983005625053
-2.19911485751286 -0.809016994374947 -0.587785252292473 -0.412214747707527
-1.88495559215388 -0.951056516295154 -0.309016994374947 -0.690983005625053
-1.5707963267949 -1 6.12303176911189E-17 -1
-1.25663706143592 -0.951056516295154 0.309016994374947 -1.30901699437495
-0.942477796076938 -0.809016994374947 0.587785252292473 -1.58778525229247
-0.628318530717959 -0.587785252292473 0.809016994374947 -1.80901699437495
-0.314159265358979 -0.309016994374947 0.951056516295154 -1.95105651629515
0 0 1 -2
0.314159265358979 0.309016994374947 0.951056516295154 -1.95105651629515
0.628318530717959 0.587785252292473 0.809016994374947 -1.80901699437495
0.942477796076938 0.809016994374947 0.587785252292473 -1.58778525229247
1.25663706143592 0.951056516295154 0.309016994374947 -1.30901699437495
1.5707963267949 1 6.12303176911189E-17 -1
1.88495559215388 0.951056516295154 -0.309016994374947 -0.690983005625053
2.19911485751286 0.809016994374947 -0.587785252292473 -0.412214747707527
2.51327412287183 0.587785252292473 -0.809016994374947 -0.190983005625053
2.82743338823081 0.309016994374948 -0.951056516295154 -0.0489434837048465
3.14159265358979 1.22460635382238E-16 -1 0


-3.14159265358979 -0.0362136300589793 -0.77914495310745 0
-3.078760800518 -0.08588245799507 -0.80134791065533 -0.00382845533868637
-3.0159289474462 -0.136845624559847 -0.820287487894974 -0.0108194316783198
-2.95309709437441 -0.188887342021759 -0.835623526731105 -0.0210475874784135
-2.89026524130261 -0.241770848804288 -0.84702947048566 -0.0345733594694243
-2.82743338823081 -0.295239436877805 -0.854197900641597 -0.0514416752816658
-2.76460153515902 -0.349017832954593 -0.856846245661515 -0.0716807416855105
-2.70176968208722 -0.402813941060964 -0.854722556351086 -0.0953009309456656
-2.63893782901543 -0.456320946979529 -0.84761122816051 -0.122293788050359
-2.57610597594363 -0.5092197771442 -0.835338538599035 -0.152631181362759
-2.51327412287183 -0.561181895968762 -0.817777858267185 -0.186264618508878
-2.45044226980004 -0.611872416478524 -0.79485438757602 -0.22312474802554
-2.38761041672824 -0.660953489717888 -0.766549268677207 -0.26312106541867
-2.32477856365645 -0.708087928987784 -0.732902924059442 -0.306141839816177
-2.26194671058465 -0.752943015823205 -0.694017480160848 -0.352054274349031
-2.19911485751286 -0.795194426075756 -0.650058146549174 -0.400704909785857
-2.13628300444106 -0.834530206859459 -0.601253438904773 -0.451920276828992
-2.07345115136926 -0.870654728794229 -0.547894157174559 -0.505507797923061
-2.01061929829747 -0.903292533276332 -0.490331058589242 -0.561256934522058
-1.94778744522567 -0.932191991730146 -0.428971198247944 -0.618940570619344
-1.88495559215388 -0.957128693222938 -0.364272946919351 -0.678316618096868
-1.82212373908208 -0.97790847867116 -0.296739735587755 -0.739129824240976
-1.75929188601028 -0.994370044279796 -0.226912617858907 -0.801113756759213
-1.69646003293849 -1.00638704389918 -0.155361783212722 -0.86399293697945
-1.63362817986669 -1.01386962962555 -0.0826771946745149 -0.927485087784163
-1.5707963267949 -1.01676538207962 -0.00945856210700648 -0.991303459388412
-1.5079644737231 -1.01505959613244 0.0636951046912623 -1.05515919345812
-1.4451326206513 -1.00877490406629 0.136196092203155 -1.11876368441517
-1.38230076757951 -0.997970235815882 0.207478438961192 -1.1818308961926
-1.31946891450771 -0.982739134499308 0.277007951325329 -1.24407959326096
-1.25663706143592 -0.963207464313309 0.344291480077486 -1.30523544648357
-1.19380520836412 -0.939530566373871 0.408885169772008 -1.36503297727333
-1.13097335529233 -0.911889935544197 0.470401414938071 -1.42321730757139
-1.06814150222053 -0.880489507018876 0.528514290195881 -1.47954568826267
-1.00530964914873 -0.845551654765993 0.582963264428255 -1.53378878465348
-0.942477796076938 -0.807313014266749 0.633555061169246 -1.58573170439378
-0.879645943005142 -0.766020248822173 0.680163586704221 -1.63517476052553
-0.816814089933346 -0.72192588162098 0.722727911988639 -1.68193396994551
-0.753982236861551 -0.675284314522763 0.761248362019617 -1.72584129523209
-0.691150383789755 -0.626348149004177 0.795780834129039 -1.76674464523451
-0.628318530717959 -0.575364915008984 0.826429532072064 -1.8045076567935
-0.565486677646163 -0.522574299774822 0.853338363013868 -1.83900928619657
-0.502654824574367 -0.46820595148934 0.876681296942403 -1.87014324423259
-0.439822971502571 -0.412477912422401 0.89665203027348 -1.89781731279249
-0.376991118430775 -0.355595713695245 0.913453325450567 -1.92195258369995
-0.314159265358979 -0.297752139899578 0.927286414631539 -1.94248266172992
-0.251327412287184 -0.239127647267306 0.938340857113356 -1.95935287351886
-0.188495559215387 -0.179891394955519 0.946785226608457 -1.97251952228412
-0.125663706143592 -0.120202826194222 0.952758976140908 -1.98194922500303
-0.062831853071796 -0.0602137154504846 0.95636578611578 -1.98761836406697
0 -7.05802176926711E-05 0.957668646592447 -1.98951267958846
0.062831853071796 0.060082657748097 0.956686860079218 -1.98762702171432
0.125663706143592 0.1201018863898 0.953395078846362 -1.98196527473974
0.188495559215388 0.179840021914197 0.947724413760414 -1.97254045681163
0.251327412287183 0.239144361223104 0.939565573123798 -1.95937499085742
0.314159265358979 0.297854192434587 0.928773913179972 -1.94250113438668
0.376991118430775 0.355798777987689 0.91517620995712 -1.92196154828977
0.439822971502571 0.412795810799895 0.898578897891175 -1.8978099779831
0.502654824574367 0.468650426198386 0.878777466753966 -1.87011201447818
0.565486677646163 0.523154831590561 0.855566666905612 -1.83894589839194
0.628318530717958 0.576088592907325 0.828751145321762 -1.80440332673428
0.691150383789755 0.627219592651769 0.798156122122696 -1.7665902206121
0.75398223686155 0.676305649860228 0.763637719705922 -1.72562741182825
0.816814089933346 0.723096768371934 0.72509257365859 -1.68165120772012
0.879645943005142 0.767337957402161 0.682466385385297 -1.63481379640733
0.942477796076938 0.808772548335338 0.635761119259304 -1.58528345878225
1.00530964914873 0.847145914598085 0.585040600052871 -1.53324455891038
1.06814150222053 0.882209487996888 0.530434327026116 -1.47889729080357
1.13097335529233 0.913724955411557 0.472139386715489 -1.42245716654732
1.19380520836412 0.941468514453917 0.410420414412158 -1.36415423824728
1.25663706143592 0.965235065689001 0.345607621822705 -1.30423205394123
1.31946891450771 0.984842222162418 0.278092972861703 -1.24294635523596
1.38230076757951 1.00013402401597 0.208324648585709 -1.18056353171992
1.4451326206513 1.01098425649947 0.136799993926345 -1.11735885393965
1.5079644737231 1.01729928318168 0.0640571815100421 -1.05361451270761
1.5707963267949 1.01902032202214 -0.00933413968687248 -0.989617497563044
1.63362817986669 1.01612510952575 -0.0827829214778379 -0.925657351208201
1.69646003293849 1.00862891677375 -0.155687219441479 -0.862023839603878
1.75929188601028 0.996584900021124 -0.227444821953275 -0.799004579089707
1.82212373908208 0.9800837871139 -0.297463715764544 -0.736882662395447
1.88495559215388 0.959252918607144 -0.365172117949003 -0.675934324770753
1.94778744522567 0.934254678626684 -0.430027831107846 -0.61642668975785
2.01061929829747 0.905284364775046 -0.491526712012683 -0.55861563147092
2.07345115136926 0.872567558395718 -0.54921008172264 -0.502743786758393
2.13628300444106 0.836357066045676 -0.60267094594311 -0.449038746458962
2.19911485751286 0.796929509956162 -0.651558936334382 -0.397711450278909
2.26194671058465 0.754581649560023 -0.695583925061173 -0.348954804782609
2.32477856365645 0.70962651789812 -0.734518304684596 -0.302942538763316
2.38761041672824 0.662389456038426 -0.768197962319549 -0.25982830500447
2.45044226980004 0.613204125769259 -0.79652200982437 -0.219745032297747
2.51327412287183 0.562408576037415 -0.819451359913427 -0.182804526682321
2.57610597594363 0.510341432206011 -0.837006260995119 -0.149097316321301
2.63893782901543 0.457338269542128 -0.849262920989815 -0.118692730326161
2.70176968208722 0.403728223755714 -0.856349362353621 -0.0916391982474585
2.76460153515902 0.34983088223832 -0.858440657206353 -0.0679647539171588
2.82743338823081 0.295953490215679 -0.855753693188886 -0.0476777248812619
2.89026524130261 0.242388496627948 -0.848541617946788 -0.0307675868078593
2.95309709437441 0.189411455447344 -0.83708810354547 -0.0172059609848878
3.0159289474462 0.137279289557196 -0.821701562323998 -0.00694773230767931
3.078760800518 0.0862289164292155 -0.802709433378378 6.77350393285536E-05
3.14159265358979 0.03647622778338 -0.780452644719228 0.00391530672820961
