-3.14159265358979 -1.22460635382238E-16
-2.82743338823081 -0.309016994374948
-2.51327412287183 -0.587785252292473
-2.19911485751286 -0.809016994374947
-1.88495559215388 -0.951056516295154
-1.5707963267949 -1
-1.25663706143592 -0.951056516295154
-0.942477796076938 -0.809016994374947
-0.628318530717959 -0.587785252292473
-0.314159265358979 -0.309016994374947
0 0
0.314159265358979 0.309016994374947
0.628318530717959 0.587785252292473
0.942477796076938 0.809016994374947
1.25663706143592 0.951056516295154
1.5707963267949 1
1.88495559215388 0.951056516295154
2.19911485751286 0.809016994374947
2.51327412287183 0.587785252292473
2.82743338823081 0.309016994374948
3.14159265358979 1.22460635382238E-16


-3.14159265358979 2.22006746619033E-05
-3.078760800518 -0.0343941978885453
-3.0159289474462 -0.0894801560523413
-2.95309709437441 -0.159023177177665
-2.89026524130261 -0.234727640433412
-2.82743338823081 -0.309112816571701
-2.76460153515902 -0.377463013860627
-2.70176968208722 -0.438226787657494
-2.63893782901543 -0.492184251766243
-2.57610597594363 -0.541168219106233
-2.51327412287183 -0.587015934880562
-2.45044226980004 -0.63102886154922
-2.38761041672824 -0.673871784710666
-2.32477856365645 -0.715703997469275
-2.26194671058465 -0.756364604779092
-2.19911485751286 -0.795522041087216
-2.13628300444106 -0.832768310413076
-2.07345115136926 -0.867670680481506
-2.01061929829747 -0.899798897417258
-1.94778744522567 -0.928740757913754
-1.88495559215388 -0.954112768113877
-1.82212373908208 -0.975568684176161
-1.75929188601028 -0.992806818353442
-1.69646003293849 -1.00557624196605
-1.63362817986669 -1.01368177980953
-1.5707963267949 -1.01698764694127
-1.5079644737231 -1.01541960026061
-1.4451326206513 -1.00896552044455
-1.38230076757951 -0.997674390983444
-1.31946891450771 -0.981653695352402
-1.25663706143592 -0.961065307995099
-1.19380520836412 -0.936120007521142
-1.13097335529233 -0.907070789238163
-1.06814150222053 -0.874205196953153
-1.00530964914873 -0.837836929233199
-0.942477796076938 -0.798297001674508
-0.879645943005142 -0.75592476320915
-0.816814089933346 -0.711059070484676
-0.753982236861551 -0.664029919678432
-0.691150383789755 -0.615150819935014
-0.628318530717959 -0.564712167479311
-0.565486677646163 -0.51297584521988
-0.502654824574367 -0.46017123045843
-0.439822971502571 -0.406492744534034
-0.376991118430775 -0.352099024412497
-0.314159265358979 -0.297113739077079
-0.251327412287184 -0.241628014875312
-0.188495559215387 -0.185704375571128
-0.125663706143592 -0.129382046601271
-0.062831853071796 -0.0726834207803306
0 -0.0156214362236808
0.062831853071796 0.0417924217495165
0.125663706143592 0.0995398129617935
0.188495559215388 0.157587266815482
0.251327412287183 0.215878284794901
0.314159265358979 0.274326162835199
0.376991118430775 0.332807858454387
0.439822971502571 0.391159197886187
0.502654824574367 0.449171676499805
0.565486677646163 0.506591052520874
0.628318530717958 0.563117870975762
0.691150383789755 0.618409983887099
0.75398223686155 0.672087056546973
0.816814089933346 0.723736971085146
0.879645943005142 0.772923960730635
0.942477796076938 0.819198234496919
1.00530964914873 0.862106785867692
1.06814150222053 0.901205023613462
1.13097335529233 0.936068820968343
1.19380520836412 0.966306553353668
1.25663706143592 0.991570686282293
1.31946891450771 1.01156848484259
1.38230076757951 1.02607144418789
1.4451326206513 1.03492308577445
1.5079644737231 1.03804482483689
1.5707963267949 1.03543968809283
1.63362817986669 1.02719374357636
1.69646003293849 1.01347519296227
1.75929188601028 0.994531166615251
1.82212373908208 0.970682348679645
1.88495559215388 0.942315639789972
1.94778744522567 0.909875134805126
2.01061929829747 0.873851749327367
2.07345115136926 0.83477186939521
2.13628300444106 0.793185422242792
2.19911485751286 0.74965377192543
2.26194671058465 0.704737832369955
2.32477856365645 0.658986763325503
2.38761041672824 0.612927573821326
2.45044226980004 0.567055905735073
2.51327412287183 0.52182821000724
2.57610597594363 0.477655463195708
2.63893782901543 0.434898505762495
2.70176968208722 0.393865018874946
2.76460153515902 0.354808096411543
2.82743338823081 0.317926315657397
2.89026524130261 0.283365165674787
2.95309709437441 0.25121965775594
3.0159289474462 0.221537918310297
3.078760800518 0.194325551021364
3.14159265358979 0.169550551614657
