0.01 0.0137943941919788
0.00816496580927726 0.0112771111257959
0.00666666666666667 0.00920847148593245
0.00544331053951817 0.0074882855485377
0.00444444444444444 0.00612665664059319
0.00362888563998039 0.00500679992048789
0.00296297922078107 0.00407908526911756
0.00241926594301865 0.00333243680719963
0.00197532429770927 0.00272195333840387
0.00161284658416607 0.00221786891938556
0.00131688429246218 0.00181448742400126
0.0010752315222728 0.00148031398634126
0.000877922861641457 0.0012086689987474
0.000716821014848534 0.000986924113325645
0.000585281907760971 0.000805798558193132
0.00047788067656569 0.000657984548072393
0.000390187938507314 0.000537197200183194
0.00031858711771046 0.000438862499329102
